Intrinsic parameters values:
fx = 775.22227	
fy = 775.78896
u0 = 694.47423
v0 = 510.97019
k1 = -0.22390
k2 = 0.05860
p1 = -0.00005
p2 = -0.00004